7.233929174574376710e-03
6.430932798890393390e-03
9.448344036321453671e-03
9.448317961262393816e-03
8.543186969127328223e-03
8.607515377405205656e-03
1.175213102243062233e-02
1.184364084241776652e-02
1.632468159420774612e-02
1.599834856576390352e-02
1.795285960891711621e-02
1.795288534132021344e-02
2.026824736149258205e-02
2.016815441786111093e-02
1.525913299071712456e-02
1.495393614774694936e-02
2.512472409144457866e-03
2.416824660043622765e-03
2.710505431213760483e-20
8.131516293641284459e-20
