7.388049336884924823e-02
4.970597545428856456e-02
6.626299900866423898e-02
6.626295388456185376e-02
6.547272512245844167e-02
6.597215362449664056e-02
9.042728097431099177e-02
9.099926703175413578e-02
1.190237749397209110e-01
1.166430450261704554e-01
1.342330230735685748e-01
1.342330900274393835e-01
1.571091862042132969e-01
1.567595444293982676e-01
1.396474375232706622e-01
1.368541050100449130e-01
5.869676468078586368e-02
5.811025118163958697e-02
3.131690396913478641e-02
3.249165014461988243e-02
