2.238521464858814203e-01
2.193104092420519735e-01
3.218339123905247234e-01
3.218341381844666560e-01
2.938668793493475206e-01
2.960718154462179674e-01
4.040752060870022033e-01
4.073012763442149797e-01
5.654883038833703468e-01
5.541768075640556290e-01
6.217997102245187424e-01
6.218000008582339477e-01
6.999999999999997335e-01
6.999999999999997335e-01
5.345693188460828305e-01
5.238773000428803561e-01
9.749701907960373060e-02
9.422687356123775337e-02
1.264665996868498052e-02
1.264829334831695656e-02
