2.235840789643340765e-01
2.191550521717141597e-01
3.229476341456995470e-01
3.229481318562286707e-01
2.941436670213209981e-01
2.963490215247690518e-01
4.043756631376660970e-01
4.075993234487843564e-01
5.656305672595649536e-01
5.543162701810885329e-01
6.215797169925639798e-01
6.215804398181340451e-01
6.999999999999999556e-01
6.999999999999999556e-01
5.340505674164610639e-01
5.233682076589836196e-01
9.648456209030779884e-02
9.320685216525523287e-02
1.126860223992568605e-02
1.126863067847368866e-02
