2.235831901220639295e-01
2.191518209837627906e-01
3.229403362611333872e-01
3.229405007328268740e-01
2.941412120847503031e-01
2.963467734522682862e-01
4.043699930877829307e-01
4.075962526435616962e-01
5.656288468353825039e-01
5.543147865362378912e-01
6.215787619082191462e-01
6.215791159189504311e-01
6.999999999999999556e-01
6.999999999999999556e-01
5.340540746136555050e-01
5.233719046358249471e-01
9.649506329348672695e-02
9.321609163733086956e-02
1.127935702901000474e-02
1.127953022525802693e-02
