7.630888805208528580e-02
6.041774331185893743e-02
7.520228762803785050e-02
7.520200452073798336e-02
1.279221994179290112e-01
1.285759308020291702e-01
1.606834054900103947e-01
1.639990514776141495e-01
3.265686919441551650e-01
3.200364214234757698e-01
3.661117047284686565e-01
3.661135775797813574e-01
4.323974439578210371e-01
4.323466034740803265e-01
4.298126736682294502e-01
4.212156383321777331e-01
2.554911526081915518e-01
2.540366753992934212e-01
2.207577017438568379e-01
2.229293607087332874e-01
