2.235776788708921381e-01
2.191394018123578591e-01
3.222789080179846444e-01
3.222793505164859296e-01
2.937472753108475998e-01
2.959504511479300604e-01
4.038256978214364579e-01
4.070455371820361767e-01
5.648137826992812860e-01
5.535156931059663776e-01
6.210024475518098885e-01
6.210030392597477578e-01
6.999999999999995115e-01
6.991307333737237784e-01
5.334622486779880823e-01
5.227925920402587412e-01
9.641021178798089841e-02
9.313930279603130358e-02
1.138926675614057929e-02
1.138927454368702727e-02
