6.776112882769911449e-21
0.000000000000000000e+00
1.532795194869042421e-02
1.532756938202992428e-02
7.389828954059103616e-02
7.595499982009834561e-02
1.778020423446932397e-01
1.759959371505837589e-01
6.037451138905283177e-01
5.916811710041192107e-01
5.966850662728639954e-01
5.966738911906647180e-01
5.482556128994657829e-01
5.676060972642402724e-01
5.507507960490970467e-01
5.397297924262407509e-01
5.729624893923962459e-01
5.445967154803551535e-01
4.446967959282336347e-01
4.451293564984981632e-01
