0.000000000000000000e+00
1.626645244218239608e-18
8.586820815920769695e-05
8.587754573711613333e-05
7.090262327404265111e-04
7.198116365802126933e-04
1.605468676483162976e-03
1.583677487286501429e-03
2.448550638573873672e-01
2.399635023215041796e-01
6.999999999999998446e-01
6.999999999999999556e-01
6.999999999999998446e-01
6.999999999999999556e-01
2.214567599801535447e-01
2.170230498993684087e-01
2.015607477803403325e-01
1.853894712855714833e-01
3.875537238844940433e-03
3.875539462398353441e-03
