1.662429994472897202e-18
0.000000000000000000e+00
8.828413545159524960e-05
8.829789043544367978e-05
7.195426986523245682e-04
7.305747630552545096e-04
1.630989592029102615e-03
1.608788311375850769e-03
2.448772747219689350e-01
2.399874043295564530e-01
6.999999999999999556e-01
6.999999999999999556e-01
6.999999999999999556e-01
6.999999999999999556e-01
2.214759685711442661e-01
2.170454719333205496e-01
2.015896495177831038e-01
1.854167285877905691e-01
3.938884930392285051e-03
3.938966566397849103e-03
