0.000000000000000000e+00
0.000000000000000000e+00
1.291726632775004158e-20
2.354749626876995260e-19
1.596656964947966481e-19
1.492895429633090056e-20
0.000000000000000000e+00
0.000000000000000000e+00
1.795880854946381618e-03
1.760047343105780159e-03
5.178367895752706944e-03
5.178390375386155917e-03
5.302235152983272512e-03
5.228579583521888487e-03
1.620164250211618461e-03
1.587848803989660648e-03
1.472553586998172435e-03
1.353805715258101904e-03
5.421010862427522170e-20
0.000000000000000000e+00
