1.897345728930947246e-19
0.000000000000000000e+00
0.000000000000000000e+00
1.219715374736812191e-19
0.000000000000000000e+00
4.404565236087519232e-20
0.000000000000000000e+00
1.524654470445477268e-20
2.222033747436529677e-02
2.177499692390761493e-02
6.411265631698252754e-02
6.411298086451523714e-02
6.563963391478361276e-02
6.472826972655479350e-02
2.006715362233988525e-02
1.966609343812282529e-02
1.819652784877386770e-02
1.672435655775350236e-02
0.000000000000000000e+00
5.421010862427523374e-20
