0.000000000000000000e+00
3.353110324037642679e-18
8.567929959832411312e-05
8.568118802229653910e-05
7.079302906815843326e-04
7.185668797148086128e-04
1.602997358470143428e-03
1.581196697593704580e-03
2.448545441102596976e-01
2.399591795780358361e-01
6.999999999999999556e-01
6.999999999999998446e-01
6.999999999999998446e-01
6.999999999999999556e-01
2.214524285267293613e-01
2.170237240811777879e-01
2.015565070397749847e-01
1.853864402894198626e-01
3.869312341643437250e-03
3.869305279002499022e-03
