6.606570932827534383e-20
0.000000000000000000e+00
7.792437194799509438e-20
4.912748257872449273e-20
2.961912601716062342e-05
2.922472518923570524e-05
1.707948600575655762e-04
1.635302337028104959e-04
1.787710838035855565e-01
1.751968276994637086e-01
5.142024729497158830e-01
5.142039003045338896e-01
5.266408569968257236e-01
5.193458875681334908e-01
1.618193966861464217e-01
1.585818205146067583e-01
1.468368089987311942e-01
1.349500603866025938e-01
1.324863140574935444e-04
1.325119291805536043e-04
